{
 "cells": [
  {
   "cell_type": "markdown",
   "metadata": {},
   "source": [
    "## A node-based layered graph approach for the Steiner tree problem with revenues, budget and hop-constraints\n",
    "\n",
    "\n",
    "### Node-based layered graph\n",
    "\n",
    "Let $H > 0$ be the hop limit:\n",
    "\n",
    "### Variables\n",
    "\n",
    "$$\n",
    "x_{ij} = \\begin{cases}1 \\text{ if arc $(i, j)$ is in the arborescence} \\\\\n",
    "0 \\text{ otherwise}\n",
    "\\end{cases}\n",
    "$$\n",
    "\n",
    "$$\n",
    "y_j = \\begin{cases} 1 \\text{ if node $j$ is in the arborescence}\\\\\n",
    "0 \\text{ otherwise}\n",
    "\\end{cases}\n",
    "$$\n",
    "\n",
    "$$\n",
    "y^h_j = \\begin{cases} 1 \\text{ if node $j$ is on layer $h$ in the arborescence}\\\\\n",
    "0 \\text{ otherwise}\n",
    "\\end{cases}  \\forall j \\in V \\setminus\\{0\\}\n",
    "$$\n",
    "### The Model\n",
    "$$\n",
    "\\begin{align}\n",
    "\\min & \\sum_{(i,j) \\in A} c_{ij} x_{ij} - \\sum_{j \\in V \\{0\\}} p_j y_j \\\\\n",
    "\\text{subject}& \\text{ to} \\\\\n",
    "y_0 & = 1 \\\\\n",
    "\\sum_{i \\in \\delta^-(j)} x_{ij} & = y_j \\;\\; \\forall j \\in V\\\\\n",
    "\\sum_{(i,j)\\in \\delta^+(S) } x_{ij}& \\ge y_k \\;\\; \\forall S \\subset V, 0 \\in S, k \\in V\\setminus S\\\\\n",
    "\\sum_{h = 1}^H y_j^h&  = y_j  \\;\\; \\forall j \\in V \\setminus\\{0\\} \\\\\n",
    "x_{0j} &= y^1_j \\;\\; \\forall j \\in \\delta^+(0) \\\\\n",
    "y_i^{h-1} + x_{ij} & \\le 1 + y_j^h \\;\\; \\forall (i,j) \\in A, j \\not= \\{0\\}, h \\in \\{2,\\ldots,H\\} \\\\\n",
    "y_i^H + x_{ij} & \\le 1 \\;\\; \\forall (i,j) \\in A, j \\not = \\{0\\}\\\\\n",
    "x_{ij} & \\in \\{0,1\\} \\;\\; \\forall(i,j) \\in A \\\\\n",
    "y_j & \\in \\{0,1\\} \\;\\; \\forall j \\in V \\\\\n",
    "y^h_j & \\in \\{0,1\\} \\;\\; \\forall j \\in V,  1 \\le h \\le H \\\\\n",
    "\\end{align}\n",
    "$$\n",
    "\n",
    "#### Theorem\n",
    "\n",
    "Constraints \n",
    "$$\n",
    "\\sum_{(i,j)\\in \\delta^+(S) } x_{ij} \\ge y_k \\;\\; \\forall S \\subset V, 0 \\in S, k \\in V\\setminus S\n",
    "$$\n",
    "can be substituted by: \n",
    "$$\n",
    "x_{ij} + x_{ji} \\le y_j \\;\\; \\forall i,j \\in V\n",
    "$$"
   ]
  },
  {
   "cell_type": "code",
   "execution_count": 1,
   "metadata": {},
   "outputs": [],
   "source": [
    "import networkx as nx\n",
    "import gurobipy as gb\n",
    "#import pygraphviz as pygv\n",
    "import argparse\n",
    "from argparse import ArgumentTypeError\n",
    "#import pygraphviz as pygv\n",
    "import os\n",
    "from IPython.display import SVG, display"
   ]
  },
  {
   "cell_type": "code",
   "execution_count": null,
   "metadata": {},
   "outputs": [],
   "source": [
    "#\n",
    "# Drawing \n",
    "# functions\n",
    "#\n",
    "\n",
    "def DrawInitialGraph():\n",
    "    global DrawG\n",
    "    DrawG = pygv.AGraph(undirected='true', strict='true', splines='true')\n",
    "\n",
    "\n",
    "    for i in G.nodes():\n",
    "        pos = str(G.node[i]['x'] * args.scale) + ',' + str((G.node[i]['y'])* args.scale)\n",
    "        if i == root:\n",
    "            DrawG.add_node (i, shape='circle', pos=pos, color=\"red\", fontsize='8', width='0.3', fixedsize='true')\n",
    "        else:\n",
    "            DrawG.add_node (i, shape='circle', pos=pos, color=\"black\", fontsize='8', width='0.3', fixedsize='true')   \t\n",
    "\n",
    "    DrawG.layout(prog='neato', args='-n')\n",
    "    DrawG.draw (path=str(basename) + '.svg', format='svg')\n",
    "    DrawG.clear()\n",
    "\n",
    "def DrawSol (x):\n",
    "\n",
    "    for i in G.nodes():\n",
    "        pos = str(G.node[i]['x'] * args.scale) + ',' + str((G.node[i]['y'])* args.scale)\n",
    "        if i == root:\n",
    "            DrawG.add_node (i, shape='circle', pos=pos, color=\"red\", fontsize='8', width='0.3', fixedsize='true')\n",
    "        elif y[i].x > 0.99999:\n",
    "            DrawG.add_node (i, shape='circle', pos=pos, fontsize='8', width='0.3', fixedsize='true')\n",
    "        else:\n",
    "            DrawG.add_node (i, shape='circle', pos=pos, color=\"gray\", fontsize='8', width='0.3', fixedsize='true')\n",
    "\n",
    "    for i in D.edges():\n",
    "        if x[i].x > 0.999999:\n",
    "            DrawG.add_edge(i[0], i[1], color='black')\n",
    "\n",
    "    DrawG.layout(prog='neato', args='-n')\t\n",
    "    DrawG.draw (path=str(basename) + '_pcst_sol.svg', format='svg')\n",
    "    DrawG.delete_edges_from(DrawG.edges())\n",
    "    "
   ]
  },
  {
   "cell_type": "code",
   "execution_count": 2,
   "metadata": {},
   "outputs": [],
   "source": [
    "class args:\n",
    "    filename = None\n",
    "    scale = 25"
   ]
  },
  {
   "cell_type": "code",
   "execution_count": 3,
   "metadata": {},
   "outputs": [
    {
     "name": "stdout",
     "output_type": "stream",
     "text": [
      "G has 25 nodes and 300 edges\n"
     ]
    }
   ],
   "source": [
    "# \n",
    "# Read the graph in the graphML format\n",
    "#\n",
    "\n",
    "args.filename = 'graph10092015.gml'\n",
    "\n",
    "basename = os.path.splitext(args.filename)[0]\n",
    "\n",
    "G = nx.read_graphml (args.filename, node_type=int)\n",
    "\n",
    "print (\"G has\", G.number_of_nodes(), \"nodes and\", G.number_of_edges(), \"edges\")"
   ]
  },
  {
   "cell_type": "code",
   "execution_count": 5,
   "metadata": {
    "scrolled": false
   },
   "outputs": [],
   "source": [
    "D = G.to_directed()\n",
    "\n",
    "root = 1\n",
    "\n",
    "root_in_star = list(D.in_edges(root))\n",
    "\n",
    "D.remove_edges_from(root_in_star)\n",
    "\n",
    "#DrawInitialGraph()\n",
    "\n",
    "#display(SVG(filename=basename+'.svg'))"
   ]
  },
  {
   "cell_type": "code",
   "execution_count": 6,
   "metadata": {},
   "outputs": [],
   "source": [
    "pcst = gb.Model()\n",
    "\n",
    "H = 3\n",
    "\n"
   ]
  },
  {
   "cell_type": "code",
   "execution_count": 7,
   "metadata": {},
   "outputs": [],
   "source": [
    "#\n",
    "# Variables definition\n",
    "#\n",
    "\n",
    "\n",
    "x = pcst.addVars(D.edges(), vtype=gb.GRB.BINARY, \\\n",
    "                 obj = [- D[i][j]['cost'] \\\n",
    "                        for (i,j) in D.edges()], \\\n",
    "                 name = 'x')\n",
    "\n",
    "y = pcst.addVars (G.nodes(), vtype = gb.GRB.BINARY, \\\n",
    "                  obj = [G.node[i]['profit'] for i in G.nodes()],\\\n",
    "                 name = 'y')"
   ]
  },
  {
   "cell_type": "code",
   "execution_count": 8,
   "metadata": {},
   "outputs": [
    {
     "name": "stdout",
     "output_type": "stream",
     "text": [
      "[2, 3, 4, 5, 6, 7, 8, 9, 10, 11, 12, 13, 14, 15, 16, 17, 18, 19, 20, 21, 22, 23, 24, 25]\n"
     ]
    }
   ],
   "source": [
    "Gnodesminusroot = list(G.nodes())\n",
    "\n",
    "Gnodesminusroot.remove(root)\n",
    "\n",
    "print(Gnodesminusroot)"
   ]
  },
  {
   "cell_type": "code",
   "execution_count": 12,
   "metadata": {},
   "outputs": [],
   "source": [
    "yl = pcst.addVars (Gnodesminusroot, range(1, H + 1), \\\n",
    "                   vtype = gb.GRB.BINARY,\\\n",
    "                   name = 'yl')\n",
    "\n",
    "\n",
    "pcst.ModelSense = gb.GRB.MAXIMIZE\n",
    "\n",
    "pcst.write('pcst_nodelayer.lp')"
   ]
  },
  {
   "cell_type": "code",
   "execution_count": 13,
   "metadata": {},
   "outputs": [],
   "source": [
    "#\n",
    "# Root is in the solution\n",
    "#\n",
    "\n",
    "pcst.addConstr(y[root] == 1, name = 'Root')\n",
    "\n",
    "pcst.update()"
   ]
  },
  {
   "cell_type": "code",
   "execution_count": 14,
   "metadata": {},
   "outputs": [],
   "source": [
    "#\n",
    "# Each node has exactly one incoming arc\n",
    "#\n",
    "\n",
    "pcst.addConstrs((x.sum('*',j) == y[j] for j in G.nodes() \\\n",
    "                 if j != root), name='Indegr')\n",
    "\n",
    "pcst.update()"
   ]
  },
  {
   "cell_type": "code",
   "execution_count": 15,
   "metadata": {},
   "outputs": [],
   "source": [
    "pcst.write('pcst_nodelayer.lp')"
   ]
  },
  {
   "cell_type": "code",
   "execution_count": 16,
   "metadata": {},
   "outputs": [],
   "source": [
    "#\n",
    "# GSEC of size two\n",
    "#\n",
    "\n",
    "pcst.addConstrs((x[i,j] + x [j,i] <= y[j] for i in G.nodes() \n",
    "                 for j in G.nodes() if D.has_edge(i,j) and \n",
    "                 D.has_edge(j,i)), \\\n",
    "                name='GSEC')\n",
    "\n",
    "\n",
    "pcst.update()\n",
    "\n",
    "pcst.write('pcst_nodelayer.lp')"
   ]
  },
  {
   "cell_type": "code",
   "execution_count": 17,
   "metadata": {},
   "outputs": [],
   "source": [
    "#\n",
    "# Node-Hop Link\n",
    "#\n",
    "\n",
    "pcst.addConstrs((yl.sum(j,'*') == y[j] for j in G.nodes() \\\n",
    "                if j != root), name = 'NHLink')\n",
    "\n",
    "\n",
    "pcst.update()\n",
    "\n",
    "pcst.write('pcst_nodelayer.lp')"
   ]
  },
  {
   "cell_type": "code",
   "execution_count": 18,
   "metadata": {},
   "outputs": [],
   "source": [
    "#\n",
    "# Root Link\n",
    "#\n",
    "\n",
    "pcst.addConstrs((x[i,j] == yl[j,1] \\\n",
    "                 for i,j in D.out_edges(root)),\\\n",
    "              name = 'RootLink')\n",
    "\n",
    "\n",
    "pcst.update()\n",
    "\n",
    "pcst.write('pcst_nodelayer.lp')"
   ]
  },
  {
   "cell_type": "code",
   "execution_count": 19,
   "metadata": {},
   "outputs": [],
   "source": [
    "#\n",
    "# H-Link Initial\n",
    "#\n",
    "\n",
    "pcst.addConstrs((yl[i,h-1] + x[i,j] <= 1 + yl[j,h] \\\n",
    "                 for i,j in D.edges() for h in range(2,H+1) \\\n",
    "                 if i != root), name='HLinkI')\n",
    "\n",
    "\n",
    "pcst.update()\n",
    "\n",
    "pcst.write('pcst_nodelayer.lp')"
   ]
  },
  {
   "cell_type": "code",
   "execution_count": 20,
   "metadata": {},
   "outputs": [],
   "source": [
    "#\n",
    "# H-Link final\n",
    "#\n",
    "\n",
    "pcst.addConstrs((yl[i,H] + x[i,j] <= 1 for i,j in D.edges() if i != root),\\\n",
    "                name = 'HLinkE')\n",
    "                \n",
    "pcst.update()\n",
    "\n",
    "pcst.write('pcst_nodelayer.lp')"
   ]
  },
  {
   "cell_type": "code",
   "execution_count": 21,
   "metadata": {
    "scrolled": false
   },
   "outputs": [
    {
     "name": "stdout",
     "output_type": "stream",
     "text": [
      "Optimize a model with 2281 rows, 673 columns and 6817 nonzeros\n",
      "Variable types: 0 continuous, 673 integer (673 binary)\n",
      "Coefficient statistics:\n",
      "  Matrix range     [1e+00, 1e+00]\n",
      "  Objective range  [1e+02, 5e+03]\n",
      "  Bounds range     [1e+00, 1e+00]\n",
      "  RHS range        [1e+00, 1e+00]\n",
      "Found heuristic solution: objective 1878.0000000\n",
      "Presolve removed 25 rows and 25 columns\n",
      "Presolve time: 0.02s\n",
      "Presolved: 2256 rows, 648 columns, 7320 nonzeros\n",
      "Variable types: 0 continuous, 648 integer (648 binary)\n",
      "\n",
      "Root relaxation: objective 3.092017e+04, 92 iterations, 0.00 seconds\n",
      "\n",
      "    Nodes    |    Current Node    |     Objective Bounds      |     Work\n",
      " Expl Unexpl |  Obj  Depth IntInf | Incumbent    BestBd   Gap | It/Node Time\n",
      "\n",
      "     0     0 30920.1667    0   58 1878.00000 30920.1667  1546%     -    0s\n",
      "H    0     0                    12482.000000 30920.1667   148%     -    0s\n",
      "H    0     0                    20802.000000 30920.1667  48.6%     -    0s\n",
      "H    0     0                    22068.000000 30920.1667  40.1%     -    0s\n",
      "H    0     0                    22208.000000 30920.1667  39.2%     -    0s\n",
      "H    0     0                    22267.000000 30920.1667  38.9%     -    0s\n",
      "     0     0 30718.5000    0   64 22267.0000 30718.5000  38.0%     -    0s\n",
      "H    0     0                    23162.000000 30718.5000  32.6%     -    0s\n",
      "H    0     0                    23221.000000 30718.5000  32.3%     -    0s\n",
      "H    0     0                    23610.000000 30718.5000  30.1%     -    0s\n",
      "     0     0 30547.6000    0   71 23610.0000 30547.6000  29.4%     -    0s\n",
      "     0     0 30463.3333    0   71 23610.0000 30463.3333  29.0%     -    0s\n",
      "H    0     0                    24089.000000 30463.3333  26.5%     -    0s\n",
      "     0     0 29897.6000    0   85 24089.0000 29897.6000  24.1%     -    0s\n",
      "H    0     0                    24305.000000 29897.6000  23.0%     -    0s\n",
      "H    0     0                    25061.000000 29897.6000  19.3%     -    0s\n",
      "     0     0 29766.7500    0   82 25061.0000 29766.7500  18.8%     -    0s\n",
      "     0     0 29528.6833    0   91 25061.0000 29528.6833  17.8%     -    0s\n",
      "     0     0 29476.6667    0   90 25061.0000 29476.6667  17.6%     -    0s\n",
      "H    0     0                    25401.000000 29476.6667  16.0%     -    0s\n",
      "H    0     0                    25558.000000 29476.6667  15.3%     -    0s\n",
      "     0     0 29413.2611    0   93 25558.0000 29413.2611  15.1%     -    0s\n",
      "     0     0 29409.1944    0   93 25558.0000 29409.1944  15.1%     -    0s\n",
      "     0     0 29393.7778    0   94 25558.0000 29393.7778  15.0%     -    0s\n",
      "     0     0 29393.7778    0   94 25558.0000 29393.7778  15.0%     -    0s\n",
      "     0     0 29383.7257    0   98 25558.0000 29383.7257  15.0%     -    2s\n",
      "     0     0 29378.8519    0   99 25558.0000 29378.8519  14.9%     -    2s\n",
      "     0     0 29323.4028    0   95 25558.0000 29323.4028  14.7%     -    2s\n",
      "     0     0 29309.7508    0   98 25558.0000 29309.7508  14.7%     -    2s\n",
      "     0     0 29291.6944    0   96 25558.0000 29291.6944  14.6%     -    2s\n",
      "     0     0 29289.3194    0   96 25558.0000 29289.3194  14.6%     -    2s\n",
      "     0     0 29287.9206    0   97 25558.0000 29287.9206  14.6%     -    2s\n",
      "     0     0 29281.0505    0   98 25558.0000 29281.0505  14.6%     -    2s\n",
      "     0     0 29279.9206    0   97 25558.0000 29279.9206  14.6%     -    2s\n",
      "     0     0 29271.9206    0   97 25558.0000 29271.9206  14.5%     -    2s\n",
      "H    0     0                    25613.000000 29271.9206  14.3%     -    2s\n",
      "H    0     0                    25668.000000 29271.9206  14.0%     -    2s\n",
      "     0     0 29271.9206    0   93 25668.0000 29271.9206  14.0%     -    2s\n",
      "     0     2 29271.9206    0   93 25668.0000 29271.9206  14.0%     -    2s\n",
      "*  725   351              21    25863.000000 28140.4333  8.81%   7.0    2s\n",
      "H 1516   661                    25944.000000 27907.7917  7.57%   7.8    3s\n",
      "  2152   922 26494.4790   13  106 25944.0000 26494.4790  2.12%   8.3    5s\n",
      "\n",
      "Cutting planes:\n",
      "  Gomory: 5\n",
      "  Clique: 1\n",
      "  MIR: 2\n",
      "  Flow cover: 28\n",
      "  Zero half: 42\n",
      "\n",
      "Explored 2198 nodes (20451 simplex iterations) in 5.99 seconds\n",
      "Thread count was 4 (of 4 available processors)\n",
      "\n",
      "Solution count 10: 25944 25863 25668 ... 23610\n",
      "\n",
      "Optimal solution found (tolerance 1.00e-04)\n",
      "Best objective 2.594400000000e+04, best bound 2.594400000000e+04, gap 0.0000%\n"
     ]
    }
   ],
   "source": [
    "pcst.optimize()"
   ]
  },
  {
   "cell_type": "code",
   "execution_count": 22,
   "metadata": {},
   "outputs": [
    {
     "name": "stdout",
     "output_type": "stream",
     "text": [
      "x[1,6] 1.0\n",
      "x[1,11] 1.0\n",
      "x[1,15] 1.0\n",
      "x[1,16] 1.0\n",
      "x[1,25] 1.0\n",
      "x[3,9] 1.0\n",
      "x[4,8] 1.0\n",
      "x[4,14] 1.0\n",
      "x[4,19] 1.0\n",
      "x[6,21] 1.0\n",
      "x[7,12] 1.0\n",
      "x[11,3] 1.0\n",
      "x[11,7] 1.0\n",
      "x[11,18] 1.0\n",
      "x[11,20] 1.0\n",
      "x[11,23] 1.0\n",
      "x[16,4] 1.0\n",
      "x[18,13] 1.0\n",
      "x[18,17] 1.0\n",
      "x[20,5] 1.0\n",
      "x[20,22] 1.0\n",
      "x[23,2] 1.0\n",
      "x[23,10] 1.0\n",
      "x[23,24] 1.0\n",
      "Total cost 17328\n"
     ]
    }
   ],
   "source": [
    "totalcost = 0\n",
    "\n",
    "for i,j in D.edges():\n",
    "        if x[i,j].x > 0.9:\n",
    "                print (x[i,j].VarName, x[i,j].x)\n",
    "                totalcost += D[i][j]['cost']\n",
    "\n",
    "print (\"Total cost\", totalcost)"
   ]
  },
  {
   "cell_type": "code",
   "execution_count": 23,
   "metadata": {},
   "outputs": [
    {
     "data": {
      "text/plain": [
       "{(1, 2): 3420,\n",
       " (1, 3): 3443,\n",
       " (1, 4): 1456,\n",
       " (1, 5): 3721,\n",
       " (1, 6): 608,\n",
       " (1, 7): 2024,\n",
       " (1, 8): 1941,\n",
       " (1, 9): 3716,\n",
       " (1, 10): 3929,\n",
       " (1, 11): 2184,\n",
       " (1, 12): 2262,\n",
       " (1, 13): 2202,\n",
       " (1, 14): 1708,\n",
       " (1, 15): 300,\n",
       " (1, 16): 854,\n",
       " (1, 17): 1300,\n",
       " (1, 18): 1824,\n",
       " (1, 19): 1140,\n",
       " (1, 20): 3612,\n",
       " (1, 21): 1581,\n",
       " (1, 22): 3811,\n",
       " (1, 23): 3324,\n",
       " (1, 24): 3006,\n",
       " (1, 25): 223,\n",
       " (2, 3): 2408,\n",
       " (2, 4): 3701,\n",
       " (2, 5): 1360,\n",
       " (2, 6): 3214,\n",
       " (2, 7): 2126,\n",
       " (2, 8): 4640,\n",
       " (2, 9): 2402,\n",
       " (2, 10): 509,\n",
       " (2, 11): 1920,\n",
       " (2, 12): 3023,\n",
       " (2, 13): 1360,\n",
       " (2, 14): 3679,\n",
       " (2, 15): 3710,\n",
       " (2, 16): 3981,\n",
       " (2, 17): 2193,\n",
       " (2, 18): 1920,\n",
       " (2, 19): 3605,\n",
       " (2, 20): 1236,\n",
       " (2, 21): 2000,\n",
       " (2, 22): 1300,\n",
       " (2, 23): 500,\n",
       " (2, 24): 761,\n",
       " (2, 25): 3257,\n",
       " (3, 2): 2408,\n",
       " (3, 4): 2701,\n",
       " (3, 5): 1252,\n",
       " (3, 6): 3661,\n",
       " (3, 7): 1442,\n",
       " (3, 8): 3522,\n",
       " (3, 9): 300,\n",
       " (3, 10): 2596,\n",
       " (3, 11): 1345,\n",
       " (3, 12): 1503,\n",
       " (3, 13): 1835,\n",
       " (3, 14): 2501,\n",
       " (3, 15): 3716,\n",
       " (3, 16): 3471,\n",
       " (3, 17): 2343,\n",
       " (3, 18): 1769,\n",
       " (3, 19): 2828,\n",
       " (3, 20): 1300,\n",
       " (3, 21): 3000,\n",
       " (3, 22): 1389,\n",
       " (3, 23): 1910,\n",
       " (3, 24): 1702,\n",
       " (3, 25): 3220,\n",
       " (4, 2): 3701,\n",
       " (4, 3): 2701,\n",
       " (4, 5): 3448,\n",
       " (4, 6): 2022,\n",
       " (4, 7): 1655,\n",
       " (4, 8): 943,\n",
       " (4, 9): 3001,\n",
       " (4, 10): 4161,\n",
       " (4, 11): 1878,\n",
       " (4, 12): 1216,\n",
       " (4, 13): 2343,\n",
       " (4, 14): 282,\n",
       " (4, 15): 1565,\n",
       " (4, 16): 921,\n",
       " (4, 17): 1664,\n",
       " (4, 18): 1780,\n",
       " (4, 19): 316,\n",
       " (4, 20): 3383,\n",
       " (4, 21): 2469,\n",
       " (4, 22): 3573,\n",
       " (4, 23): 3413,\n",
       " (4, 24): 3052,\n",
       " (4, 25): 1315,\n",
       " (5, 2): 1360,\n",
       " (5, 3): 1252,\n",
       " (5, 4): 3448,\n",
       " (5, 6): 3736,\n",
       " (5, 7): 1824,\n",
       " (5, 8): 4365,\n",
       " (5, 9): 1140,\n",
       " (5, 10): 1403,\n",
       " (5, 11): 1612,\n",
       " (5, 12): 2418,\n",
       " (5, 13): 1581,\n",
       " (5, 14): 3324,\n",
       " (5, 15): 4019,\n",
       " (5, 16): 4019,\n",
       " (5, 17): 2433,\n",
       " (5, 18): 1902,\n",
       " (5, 19): 3471,\n",
       " (5, 20): 141,\n",
       " (5, 21): 2729,\n",
       " (5, 22): 141,\n",
       " (5, 23): 894,\n",
       " (5, 24): 921,\n",
       " (5, 25): 3512,\n",
       " (6, 2): 3214,\n",
       " (6, 3): 3661,\n",
       " (6, 4): 2022,\n",
       " (6, 5): 3736,\n",
       " (6, 7): 2220,\n",
       " (6, 8): 2549,\n",
       " (6, 9): 3911,\n",
       " (6, 10): 3721,\n",
       " (6, 11): 2332,\n",
       " (6, 12): 2662,\n",
       " (6, 13): 2158,\n",
       " (6, 14): 2256,\n",
       " (6, 15): 721,\n",
       " (6, 16): 1456,\n",
       " (6, 17): 1341,\n",
       " (6, 18): 1923,\n",
       " (6, 19): 1711,\n",
       " (6, 20): 3613,\n",
       " (6, 21): 1236,\n",
       " (6, 22): 3807,\n",
       " (6, 23): 3206,\n",
       " (6, 24): 2927,\n",
       " (6, 25): 707,\n",
       " (7, 2): 2126,\n",
       " (7, 3): 1442,\n",
       " (7, 4): 1655,\n",
       " (7, 5): 1824,\n",
       " (7, 6): 2220,\n",
       " (7, 8): 2594,\n",
       " (7, 9): 1700,\n",
       " (7, 10): 2549,\n",
       " (7, 11): 223,\n",
       " (7, 12): 948,\n",
       " (7, 13): 854,\n",
       " (7, 14): 1581,\n",
       " (7, 15): 2308,\n",
       " (7, 16): 2202,\n",
       " (7, 17): 921,\n",
       " (7, 18): 412,\n",
       " (7, 19): 1649,\n",
       " (7, 20): 1746,\n",
       " (7, 21): 1708,\n",
       " (7, 22): 1941,\n",
       " (7, 23): 1780,\n",
       " (7, 24): 1421,\n",
       " (7, 25): 1802,\n",
       " (8, 2): 4640,\n",
       " (8, 3): 3522,\n",
       " (8, 4): 943,\n",
       " (8, 5): 4365,\n",
       " (8, 6): 2549,\n",
       " (8, 7): 2594,\n",
       " (8, 9): 3820,\n",
       " (8, 10): 5103,\n",
       " (8, 11): 2817,\n",
       " (8, 12): 2022,\n",
       " (8, 13): 3280,\n",
       " (8, 14): 1044,\n",
       " (8, 15): 1902,\n",
       " (8, 16): 1104,\n",
       " (8, 17): 2549,\n",
       " (8, 18): 2720,\n",
       " (8, 19): 1063,\n",
       " (8, 20): 4308,\n",
       " (8, 21): 3275,\n",
       " (8, 22): 4494,\n",
       " (8, 23): 4356,\n",
       " (8, 24): 3996,\n",
       " (8, 25): 1897,\n",
       " (9, 2): 2402,\n",
       " (9, 3): 300,\n",
       " (9, 4): 3001,\n",
       " (9, 5): 1140,\n",
       " (9, 6): 3911,\n",
       " (9, 7): 1700,\n",
       " (9, 8): 3820,\n",
       " (9, 10): 2531,\n",
       " (9, 11): 1581,\n",
       " (9, 12): 1802,\n",
       " (9, 13): 2000,\n",
       " (9, 14): 2801,\n",
       " (9, 15): 3992,\n",
       " (9, 16): 3765,\n",
       " (9, 17): 2580,\n",
       " (9, 18): 2000,\n",
       " (9, 19): 3125,\n",
       " (9, 20): 1216,\n",
       " (9, 21): 3189,\n",
       " (9, 22): 1264,\n",
       " (9, 23): 1902,\n",
       " (9, 24): 1746,\n",
       " (9, 25): 3492,\n",
       " (10, 2): 509,\n",
       " (10, 3): 2596,\n",
       " (10, 4): 4161,\n",
       " (10, 5): 1403,\n",
       " (10, 6): 3721,\n",
       " (10, 7): 2549,\n",
       " (10, 8): 5103,\n",
       " (10, 9): 2531,\n",
       " (10, 11): 2334,\n",
       " (10, 12): 3405,\n",
       " (10, 13): 1835,\n",
       " (10, 14): 4123,\n",
       " (10, 15): 4220,\n",
       " (10, 16): 4477,\n",
       " (10, 17): 2692,\n",
       " (10, 18): 2385,\n",
       " (10, 19): 4081,\n",
       " (10, 20): 1315,\n",
       " (10, 21): 2501,\n",
       " (10, 22): 1300,\n",
       " (10, 23): 781,\n",
       " (10, 24): 1131,\n",
       " (10, 25): 3764,\n",
       " (11, 2): 1920,\n",
       " (11, 3): 1345,\n",
       " (11, 4): 1878,\n",
       " (11, 5): 1612,\n",
       " (11, 6): 2332,\n",
       " (11, 7): 223,\n",
       " (11, 8): 2817,\n",
       " (11, 9): 1581,\n",
       " (11, 10): 2334,\n",
       " (11, 12): 1118,\n",
       " (11, 13): 707,\n",
       " (11, 14): 1802,\n",
       " (11, 15): 2473,\n",
       " (11, 16): 2408,\n",
       " (11, 17): 1000,\n",
       " (11, 18): 424,\n",
       " (11, 19): 1868,\n",
       " (11, 20): 1529,\n",
       " (11, 21): 1700,\n",
       " (11, 22): 1726,\n",
       " (11, 23): 1562,\n",
       " (11, 24): 1204,\n",
       " (11, 25): 1964,\n",
       " (12, 2): 3023,\n",
       " (12, 3): 1503,\n",
       " (12, 4): 1216,\n",
       " (12, 5): 2418,\n",
       " (12, 6): 2662,\n",
       " (12, 7): 948,\n",
       " (12, 8): 2022,\n",
       " (12, 9): 1802,\n",
       " (12, 10): 3405,\n",
       " (12, 11): 1118,\n",
       " (12, 13): 1802,\n",
       " (12, 14): 1000,\n",
       " (12, 15): 2483,\n",
       " (12, 16): 2061,\n",
       " (12, 17): 1627,\n",
       " (12, 18): 1315,\n",
       " (12, 19): 1392,\n",
       " (12, 20): 2385,\n",
       " (12, 21): 2517,\n",
       " (12, 22): 2555,\n",
       " (12, 23): 2624,\n",
       " (12, 24): 2280,\n",
       " (12, 25): 2051,\n",
       " (13, 2): 1360,\n",
       " (13, 3): 1835,\n",
       " (13, 4): 2343,\n",
       " (13, 5): 1581,\n",
       " (13, 6): 2158,\n",
       " (13, 7): 854,\n",
       " (13, 8): 3280,\n",
       " (13, 9): 2000,\n",
       " (13, 10): 1835,\n",
       " (13, 11): 707,\n",
       " (13, 12): 1802,\n",
       " (13, 14): 2334,\n",
       " (13, 15): 2501,\n",
       " (13, 16): 2657,\n",
       " (13, 17): 905,\n",
       " (13, 18): 565,\n",
       " (13, 19): 2247,\n",
       " (13, 20): 1456,\n",
       " (13, 21): 1204,\n",
       " (13, 22): 1649,\n",
       " (13, 23): 1140,\n",
       " (13, 24): 806,\n",
       " (13, 25): 2009,\n",
       " (14, 2): 3679,\n",
       " (14, 3): 2501,\n",
       " (14, 4): 282,\n",
       " (14, 5): 3324,\n",
       " (14, 6): 2256,\n",
       " (14, 7): 1581,\n",
       " (14, 8): 1044,\n",
       " (14, 9): 2801,\n",
       " (14, 10): 4123,\n",
       " (14, 11): 1802,\n",
       " (14, 12): 1000,\n",
       " (14, 13): 2334,\n",
       " (14, 15): 1835,\n",
       " (14, 16): 1204,\n",
       " (14, 17): 1746,\n",
       " (14, 18): 1769,\n",
       " (14, 19): 583,\n",
       " (14, 20): 3269,\n",
       " (14, 21): 2596,\n",
       " (14, 22): 3453,\n",
       " (14, 23): 3360,\n",
       " (14, 24): 3000,\n",
       " (14, 25): 1552,\n",
       " (15, 2): 3710,\n",
       " (15, 3): 3716,\n",
       " (15, 4): 1565,\n",
       " (15, 5): 4019,\n",
       " (15, 6): 721,\n",
       " (15, 7): 2308,\n",
       " (15, 8): 1902,\n",
       " (15, 9): 3992,\n",
       " (15, 10): 4220,\n",
       " (15, 11): 2473,\n",
       " (15, 12): 2483,\n",
       " (15, 13): 2501,\n",
       " (15, 14): 1835,\n",
       " (15, 16): 800,\n",
       " (15, 17): 1600,\n",
       " (15, 18): 2121,\n",
       " (15, 19): 1252,\n",
       " (15, 20): 3911,\n",
       " (15, 21): 1835,\n",
       " (15, 22): 4110,\n",
       " (15, 23): 3622,\n",
       " (15, 24): 3306,\n",
       " (15, 25): 509,\n",
       " (16, 2): 3981,\n",
       " (16, 3): 3471,\n",
       " (16, 4): 921,\n",
       " (16, 5): 4019,\n",
       " (16, 6): 1456,\n",
       " (16, 7): 2202,\n",
       " (16, 8): 1104,\n",
       " (16, 9): 3765,\n",
       " (16, 10): 4477,\n",
       " (16, 11): 2408,\n",
       " (16, 12): 2061,\n",
       " (16, 13): 2657,\n",
       " (16, 14): 1204,\n",
       " (16, 15): 800,\n",
       " (16, 17): 1788,\n",
       " (16, 18): 2158,\n",
       " (16, 19): 670,\n",
       " (16, 20): 3931,\n",
       " (16, 21): 2334,\n",
       " (16, 22): 4130,\n",
       " (16, 23): 3794,\n",
       " (16, 24): 3448,\n",
       " (16, 25): 860,\n",
       " (17, 2): 2193,\n",
       " (17, 3): 2343,\n",
       " (17, 4): 1664,\n",
       " (17, 5): 2433,\n",
       " (17, 6): 1341,\n",
       " (17, 7): 921,\n",
       " (17, 8): 2549,\n",
       " (17, 9): 2580,\n",
       " (17, 10): 2692,\n",
       " (17, 11): 1000,\n",
       " (17, 12): 1627,\n",
       " (17, 13): 905,\n",
       " (17, 14): 1746,\n",
       " (17, 15): 1600,\n",
       " (17, 16): 1788,\n",
       " (17, 18): 583,\n",
       " (17, 19): 1486,\n",
       " (17, 20): 2319,\n",
       " (17, 21): 900,\n",
       " (17, 22): 2517,\n",
       " (17, 23): 2039,\n",
       " (17, 24): 1711,\n",
       " (17, 25): 1104,\n",
       " (18, 2): 1920,\n",
       " (18, 3): 1769,\n",
       " (18, 4): 1780,\n",
       " (18, 5): 1902,\n",
       " (18, 6): 1923,\n",
       " (18, 7): 412,\n",
       " (18, 8): 2720,\n",
       " (18, 9): 2000,\n",
       " (18, 10): 2385,\n",
       " (18, 11): 424,\n",
       " (18, 12): 1315,\n",
       " (18, 13): 565,\n",
       " (18, 14): 1769,\n",
       " (18, 15): 2121,\n",
       " (18, 16): 2158,\n",
       " (18, 17): 583,\n",
       " (18, 19): 1700,\n",
       " (18, 20): 1800,\n",
       " (18, 21): 1300,\n",
       " (18, 22): 2000,\n",
       " (18, 23): 1655,\n",
       " (18, 24): 1300,\n",
       " (18, 25): 1612,\n",
       " (19, 2): 3605,\n",
       " (19, 3): 2828,\n",
       " (19, 4): 316,\n",
       " (19, 5): 3471,\n",
       " (19, 6): 1711,\n",
       " (19, 7): 1649,\n",
       " (19, 8): 1063,\n",
       " (19, 9): 3125,\n",
       " (19, 10): 4081,\n",
       " (19, 11): 1868,\n",
       " (19, 12): 1392,\n",
       " (19, 13): 2247,\n",
       " (19, 14): 583,\n",
       " (19, 15): 1252,\n",
       " (19, 16): 670,\n",
       " (19, 17): 1486,\n",
       " (19, 18): 1700,\n",
       " (19, 20): 3395,\n",
       " (19, 21): 2236,\n",
       " (19, 22): 3590,\n",
       " (19, 23): 3354,\n",
       " (19, 24): 2996,\n",
       " (19, 25): 1004,\n",
       " (20, 2): 1236,\n",
       " (20, 3): 1300,\n",
       " (20, 4): 3383,\n",
       " (20, 5): 141,\n",
       " (20, 6): 3613,\n",
       " (20, 7): 1746,\n",
       " (20, 8): 4308,\n",
       " (20, 9): 1216,\n",
       " (20, 10): 1315,\n",
       " (20, 11): 1529,\n",
       " (20, 12): 2385,\n",
       " (20, 13): 1456,\n",
       " (20, 14): 3269,\n",
       " (20, 15): 3911,\n",
       " (20, 16): 3931,\n",
       " (20, 17): 2319,\n",
       " (20, 18): 1800,\n",
       " (20, 19): 3395,\n",
       " (20, 21): 2594,\n",
       " (20, 22): 200,\n",
       " (20, 23): 761,\n",
       " (20, 24): 781,\n",
       " (20, 25): 3405,\n",
       " (21, 2): 2000,\n",
       " (21, 3): 3000,\n",
       " (21, 4): 2469,\n",
       " (21, 5): 2729,\n",
       " (21, 6): 1236,\n",
       " (21, 7): 1708,\n",
       " (21, 8): 3275,\n",
       " (21, 9): 3189,\n",
       " (21, 10): 2501,\n",
       " (21, 11): 1700,\n",
       " (21, 12): 2517,\n",
       " (21, 13): 1204,\n",
       " (21, 14): 2596,\n",
       " (21, 15): 1835,\n",
       " (21, 16): 2334,\n",
       " (21, 17): 900,\n",
       " (21, 18): 1300,\n",
       " (21, 19): 2236,\n",
       " (21, 20): 2594,\n",
       " (21, 22): 2773,\n",
       " (21, 23): 2061,\n",
       " (21, 24): 1838,\n",
       " (21, 25): 1486,\n",
       " (22, 2): 1300,\n",
       " (22, 3): 1389,\n",
       " (22, 4): 3573,\n",
       " (22, 5): 141,\n",
       " (22, 6): 3807,\n",
       " (22, 7): 1941,\n",
       " (22, 8): 4494,\n",
       " (22, 9): 1264,\n",
       " (22, 10): 1300,\n",
       " (22, 11): 1726,\n",
       " (22, 12): 2555,\n",
       " (22, 13): 1649,\n",
       " (22, 14): 3453,\n",
       " (22, 15): 4110,\n",
       " (22, 16): 4130,\n",
       " (22, 17): 2517,\n",
       " (22, 18): 2000,\n",
       " (22, 19): 3590,\n",
       " (22, 20): 200,\n",
       " (22, 21): 2773,\n",
       " (22, 23): 860,\n",
       " (22, 24): 943,\n",
       " (22, 25): 3605,\n",
       " (23, 2): 500,\n",
       " (23, 3): 1910,\n",
       " (23, 4): 3413,\n",
       " (23, 5): 894,\n",
       " (23, 6): 3206,\n",
       " (23, 7): 1780,\n",
       " (23, 8): 4356,\n",
       " (23, 9): 1902,\n",
       " (23, 10): 781,\n",
       " (23, 11): 1562,\n",
       " (23, 12): 2624,\n",
       " (23, 13): 1140,\n",
       " (23, 14): 3360,\n",
       " (23, 15): 3622,\n",
       " (23, 16): 3794,\n",
       " (23, 17): 2039,\n",
       " (23, 18): 1655,\n",
       " (23, 19): 3354,\n",
       " (23, 20): 761,\n",
       " (23, 21): 2061,\n",
       " (23, 22): 860,\n",
       " (23, 24): 360,\n",
       " (23, 25): 3140,\n",
       " (24, 2): 761,\n",
       " (24, 3): 1702,\n",
       " (24, 4): 3052,\n",
       " (24, 5): 921,\n",
       " (24, 6): 2927,\n",
       " (24, 7): 1421,\n",
       " (24, 8): 3996,\n",
       " (24, 9): 1746,\n",
       " (24, 10): 1131,\n",
       " (24, 11): 1204,\n",
       " (24, 12): 2280,\n",
       " (24, 13): 806,\n",
       " (24, 14): 3000,\n",
       " (24, 15): 3306,\n",
       " (24, 16): 3448,\n",
       " (24, 17): 1711,\n",
       " (24, 18): 1300,\n",
       " (24, 19): 2996,\n",
       " (24, 20): 781,\n",
       " (24, 21): 1838,\n",
       " (24, 22): 943,\n",
       " (24, 23): 360,\n",
       " (24, 25): 2816,\n",
       " (25, 2): 3257,\n",
       " (25, 3): 3220,\n",
       " (25, 4): 1315,\n",
       " (25, 5): 3512,\n",
       " (25, 6): 707,\n",
       " (25, 7): 1802,\n",
       " (25, 8): 1897,\n",
       " (25, 9): 3492,\n",
       " (25, 10): 3764,\n",
       " (25, 11): 1964,\n",
       " (25, 12): 2051,\n",
       " (25, 13): 2009,\n",
       " (25, 14): 1552,\n",
       " (25, 15): 509,\n",
       " (25, 16): 860,\n",
       " (25, 17): 1104,\n",
       " (25, 18): 1612,\n",
       " (25, 19): 1004,\n",
       " (25, 20): 3405,\n",
       " (25, 21): 1486,\n",
       " (25, 22): 3605,\n",
       " (25, 23): 3140,\n",
       " (25, 24): 2816}"
      ]
     },
     "execution_count": 23,
     "metadata": {},
     "output_type": "execute_result"
    }
   ],
   "source": [
    "costs ={(i,j): D[i][j]['cost'] for (i,j) in D.edges()}\n",
    "\n",
    "costs"
   ]
  },
  {
   "cell_type": "code",
   "execution_count": 24,
   "metadata": {},
   "outputs": [
    {
     "data": {
      "text/plain": [
